world: world
p1:
  ==: Vector
  x: -4364.0
  y: 0.0
  z: -352.0
p2:
  ==: Vector
  x: -4349.0
  y: 72.0
  z: -326.0
gameleveldestroydelay: 8
loselevel:
  p1:
    ==: Vector
    x: -4364.0
    y: 0.0
    z: -351.0
  p2:
    ==: Vector
    x: -4349.0
    y: 0.0
    z: -326.0
spawnpoint:
  ==: Vector
  x: -4357.220847972551
  y: 67.0
  z: -339.8529328902017
spectatorspawn:
  ==: Vector
  x: -4356.054066785522
  y: 72.0
  z: -339.7658940952762
maxPlayers: 12
minPlayers: 2
votePercent: 0.75
timelimit: 300
countdown: 10
teleportto: PREVIOUS
damageenabled: 'NO'
enableKits: false
regenerationdelay: 60
reward:
  money: 0
  xp: 0
