world: world
p1:
  ==: Vector
  x: -4349.0
  y: 0.0
  z: -352.0
p2:
  ==: Vector
  x: -4312.0
  y: 72.0
  z: -326.0
gameleveldestroydelay: 8
loselevel:
  p1:
    ==: Vector
    x: -4349.0
    y: 0.0
    z: -352.0
  p2:
    ==: Vector
    x: -4312.0
    y: 0.0
    z: -326.0
spawnpoint:
  ==: Vector
  x: -4326.51107676868
  y: 67.0
  z: -340.11368672386476
spectatorspawn:
  ==: Vector
  x: -4329.353615934659
  y: 72.0
  z: -339.2905393562969
maxPlayers: 20
minPlayers: 4
votePercent: 0.75
timelimit: 300
countdown: 10
teleportto: PREVIOUS
damageenabled: 'NO'
enableKits: false
regenerationdelay: 60
reward:
  money: 200
  xp: 20
