world: world
x: -4336.990262790891
y: 72.0
z: -365.98852990205177
yaw: -181.604
pitch: 79.20013
