lastAccountName: TheSupahChanclet
timestamps:
  login: 1564540082887
  logout: 1564540332517
ipAddress: 179.51.12.207
logoutlocation:
  world: world
  x: -4239.300000011921
  y: 66.0
  z: -382.69999998807907
  yaw: -181.50002
  pitch: 9.150005
