lastAccountName: Chavezgbao11
timestamps:
  login: 1564006761398
  logout: 1564006784612
ipAddress: 66.249.192.26
logoutlocation:
  world: world
  x: 66.5
  y: 66.0
  z: 193.5
  yaw: 170.65381
  pitch: -33.750004
