lastAccountName: Jessus
timestamps:
  login: 1565033024422
  logout: 1565033049959
ipAddress: 179.51.60.109
lastlocation:
  world: world
  x: -4344.0
  y: 72.0
  z: -374.0
  yaw: 0.0
  pitch: 0.0
logoutlocation:
  world: world
  x: -4336.5
  y: 72.0
  z: -365.5
  yaw: -172.05035
  pitch: 30.899958
