lastAccountName: FIGUESAURIO
timestamps:
  login: 1564457355348
  logout: 1564458017035
ipAddress: 190.150.249.234
logoutlocation:
  world: recursos
  x: 207.36697017156993
  y: 67.0
  z: -5.300000011920928
  yaw: 4.9500113
  pitch: 10.049986
