lastAccountName: 0JD0
timestamps:
  login: 1564788946258
  logout: 1564795040912
  lastteleport: 1564794993023
ipAddress: 190.87.160.78
logoutlocation:
  world: world
  x: -4292.391453568458
  y: 66.0
  z: -463.07998554473414
  yaw: -67.20016
  pitch: -52.799995
money: '462.9485000000001733'
lastlocation:
  world: world
  x: -4312.5
  y: 82.0
  z: -429.5
  yaw: 0.0
  pitch: 0.0
