lastAccountName: nawibb
timestamps:
  login: 1564630244032
  logout: 1564632646385
ipAddress: 190.87.78.103
logoutlocation:
  world: world
  x: -4369.919361377111
  y: 70.0
  z: -431.4241509494809
  yaw: -38.396667
  pitch: 11.250427
