lastAccountName: Chavezgabo11
timestamps:
  login: 1564350870878
  logout: 1564353605226
  lastteleport: 1564353395432
ipAddress: 190.62.58.152
logoutlocation:
  world: world
  x: -4012.217895848198
  y: 72.0
  z: -278.932060487355
  yaw: -117.520386
  pitch: 4.7504373
lastlocation:
  world: world
  x: -3916.675255237824
  y: 73.0
  z: -226.11034384713844
  yaw: -31.721039
  pitch: -3.4501014
money: '228.02349999999999853'
homes:
  home:
    world: world
    x: -4007.8216845429574
    y: 72.0
    z: -278.54676291995617
    yaw: -219.51973
    pitch: 21.400393
