lastAccountName: elviolaburras
timestamps:
  login: 1564076059050
  logout: 1564076063841
ipAddress: 190.62.250.72
logoutlocation:
  world: world
  x: -4353.5
  y: 72.0
  z: -369.5
  yaw: 0.75228024
  pitch: 17.550005
