lastAccountName: Mr_Roko
timestamps:
  login: 1564334783572
  logout: 1564335078155
  lastteleport: 1563942835108
ipAddress: 179.5.103.18
logoutlocation:
  world: world
  x: -4432.450638302051
  y: 79.0
  z: -411.7222399472001
  yaw: -214.44415
  pitch: -11.550015
lastlocation:
  world: world
  x: -4342.550447846112
  y: 73.5
  z: -367.8275875547417
  yaw: -92.09998
  pitch: 9.749997
