lastAccountName: erickovsky
timestamps:
  login: 1564847054930
  logout: 1564847114789
  lastteleport: 1564100910639
ipAddress: 190.87.90.25
lastlocation:
  world: world
  x: -4343.5
  y: 72.0
  z: -373.5
  yaw: 0.0
  pitch: 0.0
logoutlocation:
  world: world
  x: -4345.386264187781
  y: 72.0
  z: -365.25444445667404
  yaw: 157.07484
  pitch: 31.17945
