lastAccountName: AxlSiuu_67
timestamps:
  login: 1564449927822
  logout: 1564450030783
ipAddress: 190.150.249.128
logoutlocation:
  world: world
  x: -4343.485605154462
  y: 72.0
  z: -373.9966658940088
  yaw: -106.04999
  pitch: 14.099998
