lastAccountName: Andrea
timestamps:
  login: 1564559776057
  logout: 1564560078885
ipAddress: 190.150.253.28
money: '7.875'
logoutlocation:
  world: pvp
  x: -1.5
  y: 74.0
  z: -4.5
  yaw: 1.5021589
  pitch: 17.99997
