lastAccountName: Chavezgabo
timestamps:
  login: 1564006825956
  lastteleport: 1564007464972
  logout: 1564008282903
ipAddress: 66.249.192.26
lastlocation:
  world: world
  x: -4344.1285400380775
  y: 73.0
  z: -376.49717866967956
  yaw: -273.00003
  pitch: 25.599997
logoutlocation:
  world: world
  x: -4350.511939891683
  y: 73.5
  z: -374.16839957914095
  yaw: 264.90002
  pitch: 19.599989
