lastAccountName: jhansi
timestamps:
  login: 1563729594518
  logout: 1563729921229
ipAddress: 179.51.60.116
logoutlocation:
  world: world
  x: 73.06899119307778
  y: 66.0
  z: 185.8193949588227
  yaw: 33.749996
  pitch: 50.399998
