lastAccountName: GabyUrru
timestamps:
  login: 1564555603750
  lastteleport: 1564555836104
  logout: 1564556579635
ipAddress: 190.150.253.28
lastlocation:
  world: world
  x: -4329.735663155142
  y: 72.0
  z: -374.6143040654969
  yaw: -345.45007
  pitch: 15.599971
logoutlocation:
  world: world
  x: -4338.084205719229
  y: 72.0
  z: -387.80763446613526
  yaw: 182.84644
  pitch: 10.949722
