lastAccountName: YimHacker
timestamps:
  login: 1564879759802
  lastteleport: 1564732576124
  logout: 1564880770538
ipAddress: 201.247.13.247
lastlocation:
  world: world
  x: -3693.4884430905427
  y: 116.0
  z: -756.2806185863996
  yaw: -338.2446
  pitch: 23.55
homes:
  home:
    world: world
    x: -3696.169007573167
    y: 116.0
    z: -755.8163833163529
    yaw: -345.29666
    pitch: 12.149975
logoutlocation:
  world: pvp
  x: -2.699999988079072
  y: 65.0
  z: 59.21009416422235
  yaw: 237.75203
  pitch: -2.100049
money: '2844.02300000000005573'
