lastAccountName: PingviGame
timestamps:
  login: 1564537994467
  lastteleport: 1564456905853
  logout: 1564539396697
ipAddress: 190.150.48.249
money: '2723.0145000000000603'
lastlocation:
  world: world
  x: -4323.394343133303
  y: 72.0
  z: -378.46843913201354
  yaw: 82.805725
  pitch: 20.399998
homes:
  home:
    world: world
    x: -4257.80430362349
    y: 76.0
    z: -387.07711581126637
    yaw: 347.85388
    pitch: 51.15013
  pingvigame:
    world: world
    x: -4258.033740961727
    y: 76.0
    z: -387.3951077513319
    yaw: 190.65356
    pitch: 33.600132
logoutlocation:
  world: recursos
  x: 226.33808051651945
  y: 63.0
  z: 27.846037117603267
  yaw: 225.75006
  pitch: 0.75001043
