lastAccountName: GabUrru
timestamps:
  login: 1564903680863
  logout: 1564903888078
ipAddress: 190.150.253.28
lastlocation:
  world: world
  x: -4344.0
  y: 72.0
  z: -374.0
  yaw: 0.0
  pitch: 0.0
logoutlocation:
  world: world
  x: -4536.923623516014
  y: 91.0
  z: -416.37260813804966
  yaw: -82.2009
  pitch: 19.650003
