lastAccountName: TumamaHDD
timestamps:
  login: 1564195912594
  logout: 1564196959880
ipAddress: 190.87.66.162
lastlocation:
  world: world
  x: -4421.926179852236
  y: 68.0
  z: -449.0541211598238
  yaw: 12.450546
  pitch: 20.249928
logoutlocation:
  world: world
  x: -4425.879949931826
  y: 93.0
  z: -412.9278092975382
  yaw: -315.9
  pitch: 34.200005
