lastAccountName: valle
timestamps:
  login: 1564361328234
  logout: 1564361828881
ipAddress: 179.51.45.58
logoutlocation:
  world: world
  x: -4339.783041027893
  y: 72.0
  z: -373.3735897301863
  yaw: 22.499998
  pitch: -2.4000006
