lastAccountName: God
timestamps:
  login: 1565032849532
  logout: 1565032864478
ipAddress: 179.51.60.109
lastlocation:
  world: world
  x: -4344.0
  y: 72.0
  z: -374.0
  yaw: 0.0
  pitch: 0.0
logoutlocation:
  world: world
  x: -4336.92332075964
  y: 72.0
  z: -365.4231977724633
  yaw: 89.99976
  pitch: -26.85
