lastAccountName: fede
timestamps:
  login: 1564445149114
  logout: 1564446133332
ipAddress: 179.5.100.181
logoutlocation:
  world: world
  x: -4164.20699844315
  y: 67.0
  z: -480.1149053953041
  yaw: -95.40078
  pitch: 13.350006
