jails: 
  carcel: 
    world: world
    x: -4362.4270274411665
    y: 81.11706487310688
    z: -418.152663938767
    yaw: -85.04981
    pitch: 64.950096
