spawns: 
  default: 
    world: world
    x: -4336.634717191806
    y: 72.0
    z: -365.906840315791
    yaw: -172.05035
    pitch: 30.899958
